   3.2540290e+03
   1.4555140e+01
   8.4029355e+01
   5.6022430e+01
   1.9319895e+01
   1.6138618e+02
   9.3497554e+01
   1.1368247e+00
   1.1631797e+02
   1.6989541e+02
   2.7009720e+01
   6.4681836e-01
   1.5193733e+02
   1.0943656e+02
   4.2276687e+02
   1.8249564e+00
   2.4318105e+02
   8.3767237e-01
   1.6138004e+01
   1.7669352e+01
   2.7634952e+03
   4.4217471e-02
   4.8896673e+02
   3.1548715e+01
   1.1526134e+03
   2.5621718e-01
   2.7070167e+02
   4.9298601e-01
   4.0110697e+02
   3.1415555e-01
   1.3696599e+02
   1.1170778e+00
   1.7618444e+03
   1.0311557e+03
   4.4310994e+01
   3.0057674e+00
   8.1889185e+04
   6.6387620e+03
   1.5434229e+03
   3.2888810e+03
   7.1755223e+00
   9.0462960e+01
   1.0186137e+00
   2.5518263e-01
   8.9441253e+01
   1.0370034e+00
   2.2346605e+03
   4.7997433e+01
   3.3308119e+04
   2.7780842e+03
   2.0354876e+02
   2.6173272e+00
   4.0848788e-02
   1.3279224e+02
   2.7202035e+05
   6.6141954e-03
   4.2939174e+02
   1.6663931e+02
   2.4348876e+02
   7.8982609e+00
   2.3957590e+02
   2.7354290e+01
   1.9778071e+01
   3.4702200e-01
   2.5682601e+01
   3.6767971e+02
   2.2943271e+02
   1.3353302e+00
   2.9510617e-01
   2.0054576e+03
   2.2855677e+02
   8.6914727e+00
   1.1478948e+01
   1.2703410e+01
   1.0737388e+03
   1.2772428e+06
   5.2883029e+02
   1.5262088e+00
   2.0921503e-01
   4.7456556e+00
   1.1331925e+04
   9.6631712e+03
   1.8723386e+01
   6.5612096e+00
   1.9064024e+03
   9.8160101e+01
   1.1917799e+02
   1.8181788e+01
   1.1815621e+03
   3.2818543e+00
   3.2207926e+02
   4.8069588e+01
   2.9567107e+00
   5.0889442e+00
   1.3148807e+04
   3.2623408e+00
   1.4778115e+01
   4.9663129e+00
   3.7970734e+01
   9.4758370e+01
   8.3049519e+01
   4.8071338e+03
   3.0543966e+02
   1.0248502e+02
   2.3461657e+01
   4.6732211e+02
   6.1950503e+01
   1.1745037e+03
   4.6550620e+01
   1.6800046e+00
   1.1237640e+03
   1.6847780e+01
   1.1458062e+03
   1.0443318e+02
   2.0177981e+01
   8.6353576e+01
   4.8317758e+02
   1.6511117e+02
   6.4761781e+01
   3.6660242e+02
   2.0752463e+01
   6.6401275e+02
   2.6130803e+01
   7.0915229e+03
   3.6146974e+02
   1.1170262e+02
   5.6803381e+02
   4.2100816e+04
   8.5859941e+02
   1.8219266e+05
   4.2375675e-01
   6.6362253e+03
   9.9700427e+01
   4.4138151e+00
   3.4961232e+02
   5.9932983e+01
   1.8473390e-01
   6.5467069e+01
   2.1493612e+02
   8.8401128e+03
   9.5052460e+03
   2.2155507e+04
   3.2507853e+02
   1.2194181e+02
   1.1905937e+04
   5.6585776e+01
   1.0606578e+02
   2.4267175e+05
   1.7951651e+01
   2.4659143e+05
   1.8529712e+01
   6.8192122e+02
   5.8970670e+02
   2.0868201e+02
   2.5667501e+03
   1.0088857e+03
   4.8256041e+02
   8.7049873e+01
   2.2587360e+01
   1.7985596e+00
   6.2567210e+03
   5.5098704e+04
   3.5460103e+01
   1.4500320e+01
   2.3323388e+02
   2.0268107e+02
   1.4173466e+01
   1.4933960e+03
   1.4621510e+03
   3.0287709e+02
   3.0287709e+02
   3.2196798e+04
   3.2626641e+00
   8.4318014e+02
   2.9121086e+02
   1.9119458e+00
   6.9398499e+00
   5.6249217e+03
   1.9894249e+04
   2.1857333e+03
   6.4235839e+03
   4.4236014e+02
   5.3709008e+00
   8.3146436e+03
   4.1000513e-01
   8.5243808e+02
   5.2824414e+00
   4.1834048e-02
   9.9436137e-01
   3.5827784e+03
   7.3210179e+00
   5.9491477e+02
   2.1606557e+02
   1.4223914e+01
   2.5173235e+02
   1.5114776e+04
   2.4344477e-01
   2.6798256e+04
   2.7899965e+02
   1.2081299e+04
   8.9798792e-02
   5.3888695e+05
   1.1402145e+01
   1.7731874e+04
   1.0559480e+00
   8.4760536e+03
   4.9669838e-01
   1.7733445e+02
   3.8215666e+00
   8.1409202e+02
   2.6871310e-01
   1.0482719e+04
   2.3623112e+01
   2.9155960e+03
   2.1670111e+02
   5.3383914e+02
   4.0015990e-01
   9.7735960e+00
   5.1988719e+01
   1.9643509e+04
   6.3434498e+00
   4.1788845e+00
   4.5963512e+01
   1.6509658e+01
   1.2288129e+03
   5.8484304e+01
   7.4229134e+00
   4.6027317e+02
   2.7923187e+00
   4.6512936e+02
   1.9081262e+02
   4.0011458e+05
   2.0678467e-01
   4.1154701e+02
   1.6582548e+02
   2.2079834e+00
   5.2355683e+00
   2.2747522e+02
   2.0981816e+04
   1.8574934e+02
   2.6283553e+02
   3.9931141e+04
   1.1857014e+03
   1.7427351e+04
   2.2877704e+06
   2.1209471e+03
   7.3994192e+01
   1.3949694e+02
   3.0583297e+02
   1.8523915e+01
   3.8927178e+01
   2.1902587e+02
   4.1459609e+01
   8.9136059e+00
   5.2334790e+01
   4.7815774e+01
   3.3294346e+02
   1.8474068e+02
   3.7001325e+03
   3.6252225e+03
   4.0728308e+03
   3.6854871e+00
   1.0752613e+02
   2.4531128e+02
   2.3033602e+02
   1.7475083e+01
   9.8871926e+01
   1.7606154e+02
   4.2433204e+03
   5.3018784e+03
   1.7395299e+04
   4.4185997e+02
   2.6860373e+04
   7.2928747e+03
   2.9026625e+01
   1.7197470e+04
   4.5863495e+02
   3.1104715e+02
   2.2921667e+04
   1.7311492e+01
   1.0347880e+01
   7.1308560e+00
   1.9857664e+01
   2.2823605e+01
   5.2272937e+01
   6.0511566e+03
   1.1312835e+01
   6.1758651e+03
   7.6758254e+02
   8.4736829e+03
   3.7704792e+03
   3.6405042e+03
   2.1679310e+02
   2.8613761e+04
   4.0508998e+02
   6.5205884e+01
   3.6008818e+01
   5.0647543e+00
   1.8449360e+01
   6.1598661e+01
   8.9846093e+00
   1.6802969e+02
   1.1296038e+04
   1.1217608e+06
   9.4466680e+05
   1.3016333e+02
   3.4661911e+02
   3.1442649e-01
   5.3186451e+01
   5.6951028e+01
   2.8376574e+00
   1.5302805e+01
   2.4489564e+05
   3.8314608e+02
   5.7376710e+01
   3.0987299e+01
   3.1401319e+01
   1.1940390e+04
   1.1116335e+02
   1.3451199e+03
   2.0351147e+05
   2.2798714e+04
   6.6478909e+06
   1.1207589e+04
   5.7315517e+02
   4.5470320e+02
   3.6886571e+01
   9.7190544e+01
   8.5420218e+01
   9.4299363e+05
   1.7413354e+04
   5.9200070e+03
   1.1961977e+03
   1.7738771e+04
   1.2059095e+04
   1.4115848e+04
   1.4072880e+03
   1.2346415e+01
   1.7582220e+03
   5.7081669e+00
   1.1909029e+02
   6.8246629e+04
   5.3693355e+02
   3.0114331e+02
   3.3950280e+03
   8.8043182e+02
   1.4750843e+03
   6.0575880e+06
   1.4989955e+04
   1.4810355e+04
   5.4554478e+02
