   3.4319302e+04
   2.6468725e+02
   1.2151544e+03
   8.9165523e+02
   4.2659743e+02
   2.2113776e+03
   1.4700262e+03
   3.2367339e+01
   1.7956883e+03
   2.4492320e+03
   5.4715802e+02
   1.0853811e+01
   2.1915389e+03
   1.6838793e+03
   5.8345661e+03
   4.4048059e+01
   3.7235563e+03
   1.1301380e+01
   2.6830580e+02
   3.0198098e+02
   3.1772017e+04
   1.0221181e+00
   7.1996646e+03
   6.1814288e+02
   1.3449006e+04
   3.7192381e+00
   4.0396467e+03
   8.7764980e+00
   5.6244283e+03
   6.3172398e+00
   2.0520773e+03
   2.2186834e+01
   2.1214668e+04
   1.1658631e+04
   7.7381813e+02
   6.5915480e+01
   5.7959380e+05
   7.1192163e+04
   2.0475192e+04
   3.5590939e+04
   1.6853371e+02
   1.3552369e+03
   1.3229789e+01
   3.2510241e+00
   1.3214366e+03
   1.4072894e+01
   3.1146575e+04
   8.3773752e+02
   3.5491895e+05
   3.2825973e+04
   2.8776832e+03
   5.0447141e+01
   1.3230169e-01
   1.9578796e+03
   1.7668437e+06
   1.0978376e-01
   5.8808559e+03
   2.4460724e+03
   3.7713721e+03
   1.9009473e+02
   3.5668877e+03
   5.5022484e+02
   4.3745160e+02
   6.8398035e+00
   5.3615344e+02
   5.2369254e+03
   3.5021198e+03
   3.4113512e+01
   5.1515192e+00
   2.4182520e+04
   3.4526087e+03
   1.9186339e+02
   2.2351860e+02
   2.4043753e+02
   1.1688457e+04
   5.7228308e+06
   7.3191530e+03
   3.4604673e+01
   2.2891355e+00
   9.3578813e+01
   1.0208099e+05
   9.1674759e+04
   4.0100087e+02
   1.6368970e+02
   2.3531438e+04
   1.5094952e+03
   1.8265216e+03
   3.1961542e+02
   1.4225023e+04
   7.1524149e+01
   4.7151427e+03
   8.4251971e+02
   6.3408906e+01
   1.0874007e+02
   1.2303888e+05
   6.7026736e+01
   2.6542594e+02
   1.0179526e+02
   7.4318581e+02
   1.4961544e+03
   1.1749576e+03
   4.3682715e+04
   4.6437354e+03
   1.5863142e+03
   5.0698665e+02
   6.8095098e+03
   9.7387001e+02
   1.4047061e+04
   7.7883327e+02
   3.8615484e+01
   1.2540180e+04
   2.7403488e+02
   1.2684233e+04
   1.6005848e+03
   4.5581412e+02
   1.2980069e+03
   7.1492909e+03
   2.2946106e+03
   1.0130405e+03
   5.1347135e+03
   4.6692825e+02
   8.5247885e+03
   5.3643449e+02
   7.3224444e+04
   5.0719659e+03
   1.7636748e+03
   7.7782686e+03
   3.8493676e+05
   9.6783492e+03
   1.0532792e+06
   8.4138332e+00
   5.5730583e+04
   1.5772561e+03
   8.2606225e+01
   5.0596661e+03
   9.3917025e+02
   1.3214324e+00
   1.1530926e+03
   2.9323711e+03
   8.4813001e+04
   9.0346042e+04
   2.1122295e+05
   4.7361936e+03
   1.8354702e+03
   1.0588893e+05
   8.9708078e+02
   1.6173210e+03
   1.2170395e+06
   3.1680435e+02
   1.7433343e+06
   3.9139339e+02
   8.8246320e+03
   8.2084120e+03
   2.9089168e+03
   3.1524540e+04
   1.0236494e+04
   6.9947371e+03
   1.3148434e+03
   4.8612763e+02
   3.9180263e+01
   5.3916732e+04
   4.3250074e+05
   7.0425920e+02
   2.6308814e+02
   3.5265338e+03
   2.8551191e+03
   2.4750354e+02
   1.8219547e+04
   1.5590668e+04
   4.6245318e+03
   4.3983337e+03
   3.1878438e+05
   6.8045362e+01
   9.3680780e+03
   4.1994261e+03
   4.7695404e+01
   1.6417095e+02
   4.4616360e+04
   1.9211064e+05
   3.0017153e+04
   5.4605897e+04
   6.3773346e+03
   1.5004188e+02
   8.0405385e+04
   7.5680569e+00
   9.4441953e+03
   1.3180553e+02
   8.7864095e-01
   1.1535811e+01
   3.8887366e+04
   1.8808599e+02
   8.2612543e+03
   2.9866859e+03
   2.5800898e+02
   3.8288959e+03
   1.3453441e+05
   3.0239507e+00
   2.2695359e+05
   4.0711728e+03
   1.1795423e+05
   1.0798901e+00
   2.7597711e+06
   2.2040080e+02
   1.6877905e+05
   1.7292297e+01
   8.3320102e+04
   1.0212820e+01
   2.7011387e+03
   7.7506941e+01
   9.3097700e+03
   5.0877104e+00
   9.3773409e+04
   5.3450576e+02
   3.3152445e+04
   3.0252576e+03
   7.3899729e+03
   6.9027281e+00
   2.0378302e+02
   8.4650836e+02
   1.8396559e+05
   1.5996393e+02
   8.1636838e+01
   7.7743816e+02
   2.7395096e+02
   1.4534725e+04
   9.3890176e+02
   1.8821063e+02
   6.5505970e+03
   5.9090511e+01
   6.6843005e+03
   2.7985141e+03
   2.6740021e+06
   1.7518785e+00
   5.7819989e+03
   2.3084558e+03
   4.7993115e+01
   1.1210338e+02
   3.3044138e+03
   2.0174614e+05
   2.7726162e+03
   3.9895556e+03
   3.8184094e+05
   1.4240973e+04
   1.6314787e+05
   8.0950668e+06
   2.6701047e+04
   1.1533489e+03
   2.0978423e+03
   4.6437354e+03
   3.4014794e+02
   7.5187915e+02
   3.1432605e+03
   7.6775719e+02
   1.9784481e+02
   8.8294863e+02
   8.1438950e+02
   4.8563020e+03
   2.7449805e+03
   4.0869072e+04
   3.9837637e+04
   4.2278721e+04
   7.4719620e+01
   1.6220130e+03
   3.7972834e+03
   3.5130967e+03
   2.9414383e+02
   1.5485622e+03
   2.4823080e+03
   4.3600073e+04
   4.4160254e+04
   1.4725556e+05
   6.0385461e+03
   2.4090551e+05
   7.8950592e+04
   5.7219574e+02
   1.4188626e+05
   6.4694425e+03
   4.6661200e+03
   2.1949167e+05
   2.8527860e+02
   2.0439037e+02
   1.6799817e+02
   4.4846441e+02
   4.9091263e+02
   8.5052603e+02
   4.6222723e+04
   2.1637284e+02
   5.2397362e+04
   8.9974184e+03
   8.0755914e+04
   4.1326011e+04
   4.0219431e+04
   3.0419154e+03
   2.8397539e+05
   5.7119126e+03
   1.0648887e+03
   7.0881190e+02
   1.0651199e+02
   3.2753916e+02
   9.4901210e+02
   2.0213316e+02
   2.4481327e+03
   1.0166288e+05
   5.4208236e+06
   4.5818149e+06
   1.8871780e+03
   4.8830422e+03
   6.7461611e+00
   8.8649393e+02
   9.1337292e+02
   5.9247675e+01
   2.6598007e+02
   1.3114722e+06
   5.2828250e+03
   9.2344601e+02
   5.8919993e+02
   5.9794617e+02
   1.0691350e+05
   1.7448850e+03
   1.4565872e+04
   1.1164744e+06
   2.1916752e+05
   2.4959719e+07
   9.4518827e+04
   7.8374859e+03
   6.3899016e+03
   7.4030830e+02
   1.5008269e+03
   1.2268912e+03
   3.2688137e+06
   1.5896622e+05
   4.5860084e+04
   1.4473809e+04
   1.7504035e+05
   1.1497254e+05
   1.2840636e+05
   1.5410092e+04
   2.2560397e+02
   2.1141332e+04
   1.5454959e+02
   1.8001040e+03
   5.4255771e+05
   7.3948252e+03
   4.2221087e+03
   3.6286621e+04
   9.7627814e+03
   1.6771538e+04
   2.3551129e+07
   1.3386192e+05
   1.2889465e+05
   7.7724826e+03
