   1.1788389e-02
   5.2171081e-04
   4.1492290e-02
   1.5194675e-04
   3.4171357e-03
   1.1290947e-01
   4.0863137e-03
   1.4394077e-04
   1.7554686e-02
   3.2393864e-03
   1.1116066e-02
   4.8577489e-04
   4.1379301e-02
   2.3371016e-03
   4.0352256e-02
   2.8007003e-04
   4.9897482e-01
   1.6645362e-05
   1.3356048e-02
   5.1945862e-05
   7.8719352e-02
   4.0775878e-05
   1.0604526e-01
   5.1282837e-05
   7.2211807e-02
   4.3981633e-04
   1.3712624e-03
   4.7439875e-05
   1.7015470e-03
   2.9222903e-05
   1.3949185e-02
   2.4626486e-04
   3.3029318e-02
   1.2563391e-03
   8.0573169e-03
   5.8023908e-04
   6.9714724e-01
   4.6132036e-05
   4.0892644e-01
   5.9347970e-03
   1.0147339e-01
   3.4539082e-05
   5.7336459e-03
   1.7114094e-04
   2.6000379e-02
   1.0506400e-04
   9.6783646e-02
   3.4612341e-04
   4.1569602e-01
   2.3420243e-04
   1.0184099e-02
   7.2016265e-05
   4.3809823e-04
   2.6511873e-05
   1.2961799e-01
   4.2643562e-05
   2.2675371e-02
   2.8759261e-05
   2.1076439e-01
   1.1726975e-04
   4.2060215e-02
   6.0137673e-04
   3.3913019e-02
   1.3114789e-04
   1.4833784e-02
   6.0870676e-03
   9.8049074e-02
   1.8631176e-04
   1.7002371e-03
   2.2039512e-04
   6.9118055e-03
   5.0690536e-05
   4.1075858e-02
   1.8429320e-03
   4.6411362e-02
   1.1397322e-04
   6.2197316e-02
   2.9879824e-05
   5.8441103e-04
   4.6670778e-05
   2.4965093e-03
   1.5802016e-04
   9.5233235e-02
   3.8351811e-03
   7.2394126e-02
   5.3511546e-03
   1.3818751e-01
   3.2769436e-03
   4.9086451e-02
   1.6049289e-03
   1.1520566e-02
   6.3533029e-04
   1.7973004e-02
   1.0342592e-03
   3.0688835e-02
   5.0588957e-04
   4.9611828e-02
   2.3841614e-02
   8.3372113e-05
   1.2676990e-01
   1.4888702e-04
   6.0412302e-01
   1.9408868e-03
   7.0870779e-02
   1.1336981e-03
   1.1960145e-02
   1.4378654e-03
   2.9355905e-01
   6.4100736e-04
   1.3323111e-03
   6.6776267e-04
   4.8657047e-02
   8.9018544e-04
   3.5089985e-02
   1.2370154e-03
   2.8730827e-02
   1.8602136e-02
   1.3368832e-01
   4.2262420e-04
   2.3895343e-01
   6.9440938e-03
   3.6628556e-03
   6.8534700e-04
   2.6714299e-02
   2.1237925e-04
   4.8106914e-03
   1.9551504e-03
   2.3929215e+00
   4.4853646e-04
   9.7196666e+00
   3.6302328e-03
   2.5863922e-02
   3.3822354e-04
   4.1142974e-03
   5.3065770e-04
   1.7698425e-02
   9.5225487e-05
   3.2269145e-02
   2.8071691e-02
   1.6503525e-02
   1.1542605e-04
   5.0672453e+00
   3.0786213e-03
   8.0466392e-02
   4.6815863e-02
   2.6937723e-02
   2.4400113e-03
   3.2862767e+00
   2.0094494e-03
   3.8220354e+00
   1.8153027e-03
   1.3268963e-01
   3.7104752e-01
   8.5322848e-02
   4.3003680e-01
   5.1010159e-01
   2.8843493e-01
   5.5987303e-03
   4.2765844e-02
   6.1443836e-03
   3.6598361e-01
   4.7513913e-01
   2.5356361e-05
   2.6859012e-02
   1.7659020e-04
   1.2997975e-02
   4.1446211e-05
   7.2764382e-04
   3.5529300e-03
   2.2966528e-02
   4.5656758e-05
   1.5863918e-01
   1.5993543e-04
   4.5995632e-02
   1.6003413e-03
   4.1925317e-02
   1.9566869e-04
   1.3401818e-01
   6.1307904e-02
   1.0076472e-02
   3.0709982e-04
   8.6043805e-03
   6.5264831e-05
   4.8198155e-03
   9.1932235e-05
   2.0685027e-01
   5.6445074e-05
   3.8616899e-04
   2.7434181e-05
   8.4429615e-04
   1.8097714e-04
   5.0185772e-03
   5.4216100e-04
   1.5252644e-02
   3.6055252e-05
   7.5653466e-02
   1.9751274e-04
   5.4690303e-02
   2.4986521e-04
   1.2544037e-01
   2.8602286e-04
   1.0002703e-02
   7.1687508e-05
   9.0825790e-01
   4.1446594e-05
   5.5639010e-01
   2.7495359e-05
   5.3926178e-02
   8.6505045e-04
   8.3673888e-03
   6.5376456e-05
   3.0855243e-02
   2.9662510e-04
   1.1160538e-02
   1.7051342e-04
   1.1425368e-01
   1.5507310e-04
   2.8180075e-02
   1.2721073e-04
   2.7344578e-02
   1.9631806e-05
   7.2518153e-03
   1.5894169e-04
   1.1974565e-01
   3.3809531e-04
   2.7064012e-02
   1.3036200e-04
   1.6422943e-01
   1.6260838e-04
   5.9716063e-03
   1.9120523e-03
   5.7474046e+00
   5.5551727e-05
   7.4149984e-02
   4.8588966e-03
   8.7424525e-03
   6.9944084e-03
   1.0110573e-01
   4.1717678e-02
   1.8379540e-01
   9.9626623e-04
   7.4581800e-01
   8.7632254e-04
   9.0935577e-01
   2.2949674e-03
   5.3414373e-01
   7.7957445e-04
   6.9545875e-02
   1.9408868e-03
   2.6962817e-03
   1.7311215e-04
   1.6820572e-01
   3.9176879e-04
   6.5850417e-03
   7.7416990e-03
   1.6361404e-01
   1.0457517e-01
   4.7778664e-02
   1.0395694e-01
   4.2162164e-01
   3.6923603e-02
   2.4295309e-02
   2.4717904e-02
   6.2963782e-02
   1.3561511e-02
   1.0077636e-01
   4.1337208e-03
   1.3613814e-02
   3.0383169e-02
   5.9457570e-02
   2.9290889e+00
   1.6417629e-02
   2.8313630e-02
   9.6503100e-02
   5.2513954e-02
   1.0961585e-01
   9.1604132e-02
   2.9914507e-02
   2.6983343e-02
   7.4226281e-02
   6.0283582e-02
   3.9563000e-02
   1.5174560e-02
   1.4360852e-02
   2.7686593e-02
   2.0269692e-02
   2.1443773e-02
   5.9375556e-01
   1.1253209e-01
   2.7105817e-01
   2.5259032e-02
   4.3323567e-02
   1.0392017e-01
   2.2663662e-01
   5.2433233e-02
   5.7597825e-02
   1.6112839e-02
   5.8765679e-03
   3.3071479e-03
   2.6699837e-02
   1.1372678e-02
   3.1846618e-02
   1.5099360e+00
   4.2166432e+00
   3.7174597e-01
   2.8236190e-02
   1.5988676e-02
   1.3900268e-03
   7.2343234e-03
   3.1299976e-02
   1.4344523e-02
   1.6050494e-02
   1.2023989e+00
   6.3830557e-02
   3.3799896e-02
   8.4190216e-02
   4.4203210e-02
   6.6896226e-02
   1.7321380e-01
   1.2652141e+00
   1.1207462e+01
   2.6447859e+00
   2.6028326e+00
   2.7610569e-02
   9.4091789e-02
   2.9054119e-01
   1.3154621e-01
   6.2450293e-04
   2.1920613e-03
   3.7986085e+00
   5.5361591e-01
   5.7263233e-01
   1.0168564e+00
   7.4759923e+00
   1.0982607e+01
   8.3838084e+00
   3.7747436e-01
   6.2116445e-02
   8.5902549e-03
   2.5407967e-02
   2.6969520e-03
   6.7454773e+00
   3.6992742e-01
   4.1890958e-02
   4.4685765e-01
   9.6421061e-03
   3.9212750e-01
   5.5934188e+00
   5.0870502e+00
   9.4116637e-01
   3.8788013e-01
