   7.3804636e-02
   2.0222057e-03
   5.1867945e-02
   1.3745709e-04
   1.7425345e-02
   1.6793772e+00
   6.2654268e-02
   1.3229347e-04
   3.1005449e-01
   1.5198609e-02
   1.7033635e-01
   1.8441977e-04
   7.5486955e-01
   1.5577113e-04
   9.1838969e-02
   9.2459609e-05
   3.7478485e+00
   4.9174567e-06
   9.6855518e-03
   1.7411769e-05
   9.5117206e-01
   9.9481578e-06
   3.0064777e-01
   7.4352758e-06
   2.7344704e-01
   8.0990567e-04
   4.5426858e-03
   4.5715835e-05
   1.4128978e-02
   1.0325773e-05
   1.1098193e-01
   5.8034551e-05
   4.3109172e-01
   2.0084749e-04
   2.0122706e-04
   7.8715174e-05
   5.4544980e+00
   3.6009876e-06
   2.6932524e+00
   1.8598117e-03
   2.6858735e+00
   2.9907895e-06
   6.8081044e-02
   1.2874844e-05
   5.4284050e-01
   4.5760839e-05
   1.2139009e+00
   8.4684002e-04
   3.9521854e+00
   3.5721084e-05
   7.4083648e-04
   1.5511790e-05
   2.1217121e-03
   5.3907013e-06
   1.3412135e+00
   1.4204376e-05
   1.6951301e-02
   1.1493660e-05
   7.9444486e-01
   4.4918306e-05
   4.5845580e-01
   3.9223884e-04
   8.5307835e-01
   7.8897904e-05
   1.3620187e-03
   3.5186179e-04
   4.7112530e-02
   1.7406561e-04
   1.9228977e-02
   1.5320075e-05
   1.0025072e-01
   9.5350902e-06
   1.0270578e+00
   2.0654066e-03
   6.7496161e-01
   4.7980607e-05
   8.9291328e-01
   7.2194864e-05
   3.1412815e-03
   6.5329997e-05
   3.2405737e-03
   9.1886482e-05
   1.8295808e+00
   1.9388596e-02
   1.5877654e-01
   2.0560992e-03
   3.8393749e-01
   4.8262259e-03
   2.0686055e-01
   4.9637801e-03
   7.4619443e-02
   2.6394940e-03
   9.9918815e-03
   6.4054312e-04
   5.2916726e-02
   2.0563603e-03
   1.3793111e+00
   5.1774219e-01
   7.8242969e-05
   4.2638861e-01
   9.1474926e-05
   3.7884108e+00
   3.8503235e-03
   2.3406710e-01
   1.5710313e-03
   9.7408378e-03
   4.1159483e-03
   7.7634299e-01
   3.1375330e-04
   9.4353048e-03
   4.8432593e-04
   1.1490079e+00
   3.4506417e-04
   9.6106595e-01
   2.8810325e-03
   3.1427214e-01
   2.0007536e-02
   4.1664306e-01
   1.6311737e-03
   3.2372722e-01
   6.8546802e-03
   3.0877213e-04
   5.8414474e-04
   5.9441386e-02
   4.0687166e-05
   2.0906681e-02
   1.3839135e-03
   2.1170236e+01
   2.2071154e-04
   8.7378866e+01
   4.0452135e-03
   1.7021121e-01
   1.0562153e-04
   5.4914640e-02
   6.5622336e-04
   5.5264582e-01
   4.2380005e-05
   5.9965197e-02
   3.8669836e-01
   8.4324210e-03
   3.0725919e-04
   3.2200292e+01
   1.1215859e-03
   1.4370048e+00
   1.4966714e-01
   3.6483728e-01
   8.7188304e-03
   9.5231712e+00
   2.0455953e-03
   1.3278410e+01
   6.9248069e-03
   5.2332830e-01
   6.0869934e+00
   1.4097311e+00
   6.1794506e+00
   2.5620061e+00
   4.3247460e+00
   8.1818570e-02
   8.1580055e-01
   1.5556696e-01
   5.8271867e+00
   1.4193953e+00
   1.4120164e-05
   6.3511825e-01
   4.0673823e-05
   2.2712984e-01
   7.6921478e-06
   1.2581508e-02
   9.6259892e-02
   3.5736858e-02
   2.2979709e-05
   8.0645963e-02
   2.4431130e-05
   3.9378245e-02
   1.6942660e-03
   3.2911725e-02
   4.7312727e-05
   9.2705906e-02
   9.3912183e-01
   1.5279591e-01
   1.7268864e-04
   6.9308149e-02
   4.1879721e-05
   5.5546967e-02
   4.2972356e-05
   4.9455243e+00
   4.6557022e-06
   1.5856084e-03
   1.7812617e-05
   1.3847900e-03
   3.2575420e-05
   1.5958481e-02
   5.1293002e-04
   6.3131717e-02
   1.2950426e-05
   1.6121025e-02
   5.1894207e-05
   3.2311770e-02
   7.3288866e-05
   1.3758709e-01
   1.2576537e-05
   2.6070370e-01
   1.3520038e-05
   2.6201470e+00
   1.3090565e-05
   2.6251569e-01
   4.3901165e-06
   8.5599008e-02
   1.2276436e-03
   2.6760779e-03
   2.0107409e-05
   9.0733404e-02
   2.5566031e-04
   6.5129149e-03
   3.5376805e-05
   2.8969439e+00
   2.3301692e-05
   4.8337111e-01
   2.0286509e-05
   6.7225831e-01
   1.8371602e-05
   1.1406371e-01
   3.2947479e-06
   2.5518733e+00
   5.7942193e-05
   7.6588492e-01
   1.7659362e-04
   3.1952987e+00
   1.4290804e-04
   1.7363136e-02
   4.9492058e-03
   3.6738450e+01
   5.7957178e-05
   2.2900562e-01
   6.1547181e-04
   3.2026264e-03
   9.2956204e-02
   5.0240040e-01
   5.9962599e-01
   9.5469573e-01
   1.7266412e-03
   4.3104200e+00
   1.9862622e-04
   6.7997476e+00
   2.9126491e-04
   2.4819760e+00
   3.5128635e-04
   3.6540324e-01
   3.8503235e-03
   2.8672959e-02
   9.1406068e-05
   3.2073459e+00
   2.6513068e-04
   2.6919118e-01
   1.9154473e-01
   3.6933690e+00
   4.4394860e-01
   2.6841530e-02
   2.6330442e-01
   3.1007876e+00
   1.4233147e-01
   6.0306165e-01
   5.3306173e-01
   1.5003093e+00
   2.7493792e-01
   2.5705795e+00
   4.8227889e-02
   2.5793834e-02
   4.9358737e-02
   1.9385830e-01
   1.1828666e+01
   1.4488325e-02
   7.1261731e-02
   5.3592751e-01
   1.3389647e-01
   3.3522156e-01
   4.5897194e-01
   8.8977770e-02
   5.3446470e-01
   1.6814778e+00
   1.4265665e+00
   9.4544235e-01
   3.5865047e-01
   1.8846341e-01
   4.3415668e-01
   1.2025535e-02
   3.9920626e-02
   2.3791772e+00
   4.6884241e-02
   4.2168824e-01
   3.8080002e-02
   6.8922702e-02
   2.0156576e-01
   4.0539061e-01
   8.1361113e-02
   2.6909909e-01
   3.7041507e-01
   1.8422162e-01
   5.9991315e-02
   5.4835350e-01
   2.4549622e-01
   6.0647710e-01
   1.3201944e+01
   3.3851319e+01
   7.5548176e-01
   2.9479234e-02
   1.8935352e-02
   1.3917774e-02
   2.0971470e-01
   5.7109807e-01
   2.9535457e-01
   2.2047289e-01
   4.6576785e+00
   1.5950340e-02
   6.1972860e-01
   1.6159741e+00
   1.2373282e+00
   2.1643300e-02
   1.0524370e+00
   8.5193031e+00
   8.4291100e+01
   1.4829830e+01
   6.4522134e+00
   3.3309368e-02
   1.7362839e+00
   5.2368518e+00
   4.0559335e+00
   8.4255755e-03
   2.8814993e-02
   1.5196008e+01
   1.3146010e+00
   2.4950159e+00
   7.3213937e+00
   5.2808410e+01
   1.0184669e+02
   3.2125724e+01
   6.5833990e+00
   1.9461885e+00
   2.5431397e-01
   6.2036936e-01
   8.5808694e-03
   3.7644401e+01
   1.5004181e+00
   1.2314058e-01
   2.9715959e+00
   3.7331294e-03
   7.3500310e-01
   3.0812575e+01
   3.0736500e+01
   4.9906449e+00
   1.4711826e+00
